(0.0, 0.0, 0)
(0.0, 0.0, 252)
(0.0, 0.0, 248)
(0.0, 0.0, 188)
(0.0, 0.0, 124)
(0.5454545454545454, 0.3492063492063492, 252)
(0.5555555555555555, 0.7619047619047619, 252)
(0.586021505376344, 1.0, 248)
(0.6666666666666666, 1.0, 252)
(0.6666666666666666, 0.25806451612903225, 248)
(0.6306306306306307, 0.5873015873015873, 252)
(0.6075268817204301, 1.0, 248)
(0.6666666666666666, 1.0, 188)
(0.75, 0.25806451612903225, 248)
(0.7083333333333334, 0.5161290322580645, 248)
(0.6992753623188405, 0.7301587301587301, 252)
(0.6981981981981983, 0.7872340425531915, 188)
(0.8333333333333334, 0.25806451612903225, 248)
(0.8333333333333334, 0.5161290322580645, 248)
(0.8425925925925926, 1.0, 216)
(0.8513513513513513, 1.0, 148)
(0.9444444444444444, 0.3387096774193548, 248)
(0.9333333333333333, 0.6451612903225806, 248)
(0.935672514619883, 1.0, 228)
(0.9682539682539683, 1.0, 168)
(0.08333333333333333, 0.26666666666666666, 240)
(0.033333333333333326, 0.6451612903225806, 248)
(0.03763440860215054, 1.0, 248)
(0.015873015873015872, 1.0, 168)
(0.11111111111111112, 0.3333333333333333, 252)
(0.08333333333333333, 0.7301587301587301, 252)
(0.05974842767295598, 0.9298245614035088, 228)
(0.024509803921568634, 1.0, 136)
(0.125, 0.5161290322580645, 248)
(0.12365591397849462, 1.0, 248)
(0.12015503875968991, 1.0, 172)
(0.09999999999999999, 1.0, 80)
(0.20833333333333334, 0.5161290322580645, 248)
(0.21428571428571427, 0.9032258064516129, 248)
(0.3333333333333333, 1.0, 184)
(0.3333333333333333, 1.0, 120)
(0.3333333333333333, 0.25806451612903225, 248)
(0.3282828282828283, 0.6111111111111112, 216)
(0.3333333333333333, 1.0, 168)
(0.3333333333333333, 1.0, 104)
(0.4166666666666667, 0.25806451612903225, 248)
(0.39999999999999997, 0.6451612903225806, 248)
(0.40079365079365076, 1.0, 168)
(0.3333333333333333, 1.0, 88)
(0.5, 1.0, 252)
(0.48850574712643674, 1.0, 232)
(0.5, 1.0, 136)
(0.5454545454545454, 1.0, 88)
(0.8333333333333334, 0.12903225806451613, 248)
(0.0, 0.0, 120)
